[gd_scene load_steps=16 format=3 uid="uid://ukh8kskniq8e"]

[ext_resource type="PackedScene" uid="uid://ddr14ehka8ja2" path="res://Assets/Characters/gltf/Rogue_Hooded.glb" id="1_ss48u"]

[sub_resource type="AnimationNodeAnimation" id="AnimationNodeAnimation_eudri"]
animation = &"1H_Melee_Attack_Chop"

[sub_resource type="AnimationNodeOneShot" id="AnimationNodeOneShot_ss48u"]
filter_enabled = true
filters = ["Rig/Skeleton3D:chest", "Rig/Skeleton3D:hand.l", "Rig/Skeleton3D:hand.r", "Rig/Skeleton3D:handslot.l", "Rig/Skeleton3D:handslot.r", "Rig/Skeleton3D:head", "Rig/Skeleton3D:hips", "Rig/Skeleton3D:lowerarm.l", "Rig/Skeleton3D:lowerarm.r", "Rig/Skeleton3D:root", "Rig/Skeleton3D:spine", "Rig/Skeleton3D:upperarm.l", "Rig/Skeleton3D:upperarm.r"]
fadein_time = 0.2
fadeout_time = 0.2

[sub_resource type="AnimationNodeAnimation" id="AnimationNodeAnimation_ss48u"]
animation = &"Idle"

[sub_resource type="AnimationNodeAnimation" id="AnimationNodeAnimation_25mk1"]
animation = &"Jump_Idle"

[sub_resource type="AnimationNodeAnimation" id="AnimationNodeAnimation_cooeb"]
animation = &"Running_A"

[sub_resource type="AnimationNodeStateMachineTransition" id="AnimationNodeStateMachineTransition_eudri"]
xfade_time = 0.2

[sub_resource type="AnimationNodeStateMachineTransition" id="AnimationNodeStateMachineTransition_j3c0s"]
xfade_time = 0.2

[sub_resource type="AnimationNodeStateMachineTransition" id="AnimationNodeStateMachineTransition_n1usv"]
xfade_time = 0.2

[sub_resource type="AnimationNodeStateMachineTransition" id="AnimationNodeStateMachineTransition_q6web"]
xfade_time = 0.2

[sub_resource type="AnimationNodeStateMachineTransition" id="AnimationNodeStateMachineTransition_vjax8"]
xfade_time = 0.2

[sub_resource type="AnimationNodeStateMachineTransition" id="AnimationNodeStateMachineTransition_k75iw"]
xfade_time = 0.2

[sub_resource type="AnimationNodeStateMachineTransition" id="AnimationNodeStateMachineTransition_ss48u"]
advance_mode = 2

[sub_resource type="AnimationNodeStateMachine" id="AnimationNodeStateMachine_ts8xd"]
states/Idle/node = SubResource("AnimationNodeAnimation_ss48u")
states/Idle/position = Vector2(493, 100)
states/Jump_Idle/node = SubResource("AnimationNodeAnimation_25mk1")
states/Jump_Idle/position = Vector2(573, 195)
states/Running_A/node = SubResource("AnimationNodeAnimation_cooeb")
states/Running_A/position = Vector2(688, 100)
states/Start/position = Vector2(327, 100)
transitions = ["Idle", "Jump_Idle", SubResource("AnimationNodeStateMachineTransition_eudri"), "Jump_Idle", "Idle", SubResource("AnimationNodeStateMachineTransition_j3c0s"), "Idle", "Running_A", SubResource("AnimationNodeStateMachineTransition_n1usv"), "Running_A", "Idle", SubResource("AnimationNodeStateMachineTransition_q6web"), "Running_A", "Jump_Idle", SubResource("AnimationNodeStateMachineTransition_vjax8"), "Jump_Idle", "Running_A", SubResource("AnimationNodeStateMachineTransition_k75iw"), "Start", "Idle", SubResource("AnimationNodeStateMachineTransition_ss48u")]

[sub_resource type="AnimationNodeBlendTree" id="AnimationNodeBlendTree_a6w1x"]
nodes/AttackAnimation/node = SubResource("AnimationNodeAnimation_eudri")
nodes/AttackAnimation/position = Vector2(20, 420)
nodes/AttackOneShot/node = SubResource("AnimationNodeOneShot_ss48u")
nodes/AttackOneShot/position = Vector2(320, 260)
nodes/MoveStateMachine/node = SubResource("AnimationNodeStateMachine_ts8xd")
nodes/MoveStateMachine/position = Vector2(0, 180)
nodes/output/position = Vector2(560, 280)
node_connections = [&"AttackOneShot", 0, &"MoveStateMachine", &"AttackOneShot", 1, &"AttackAnimation", &"output", 0, &"AttackOneShot"]

[node name="PlayerSkin" instance=ExtResource("1_ss48u")]

[node name="Skeleton3D" parent="Rig" index="0"]
bones/1/position = Vector3(0, 0.37303, 0)
bones/1/rotation = Quaternion(-1.11123e-10, 0.0431578, 2.57241e-09, 0.999068)
bones/2/rotation = Quaternion(-6.93889e-18, 7.10543e-15, 4.93038e-32, 1)
bones/3/rotation = Quaternion(8.27181e-25, 3.72529e-09, -2.75506e-40, 1)
bones/4/position = Vector3(0.212007, 0.134132, 7.92996e-08)
bones/4/rotation = Quaternion(-0.550825, -0.0601563, -0.65055, 0.519382)
bones/5/rotation = Quaternion(2.69843e-08, -5.78614e-08, -0.491291, 0.870996)
bones/7/rotation = Quaternion(-0.317937, -0.334016, 0.139577, 0.876281)
bones/8/position = Vector3(8.34843e-10, 0.0961252, -0.0575)
bones/8/rotation = Quaternion(0.00154307, 0.00154306, -0.701419, 0.712746)
bones/10/position = Vector3(-0.212007, 0.134132, 8.6814e-08)
bones/10/rotation = Quaternion(-0.610095, 0.0804732, 0.624424, 0.481044)
bones/11/rotation = Quaternion(1.17394e-08, 6.27493e-08, 0.514665, 0.857391)
bones/13/rotation = Quaternion(-0.316829, 0.308841, -0.221481, 0.869012)
bones/14/position = Vector3(-1.5736e-08, 0.0961251, -0.0575)
bones/14/rotation = Quaternion(0.00448606, 0.00528392, 0.702425, 0.711724)
bones/19/rotation = Quaternion(-5.8061e-11, -0.0313416, -1.88013e-09, 0.999509)
bones/21/position = Vector3(0.170945, 0.113587, 1.59941e-08)
bones/21/rotation = Quaternion(0.990421, 0.0834487, 0.0781225, 0.0774608)
bones/22/rotation = Quaternion(0.369644, 6.27954e-08, -2.56228e-07, 0.929173)
bones/23/rotation = Quaternion(-0.608187, -0.202333, 0.0721268, 0.764177)
bones/24/rotation = Quaternion(-9.74126e-09, 0.920355, -0.391084, 7.8309e-08)
bones/25/position = Vector3(-0.170945, 0.113587, 1.55755e-08)
bones/25/rotation = Quaternion(0.992455, -0.0327672, 0.0300481, 0.114262)
bones/26/rotation = Quaternion(0.416482, -6.02345e-08, 2.89796e-07, 0.909144)
bones/27/rotation = Quaternion(-0.63523, 0.112892, -0.0211931, 0.763734)
bones/28/rotation = Quaternion(3.03597e-08, 0.920355, -0.391084, -6.95338e-08)
bones/29/rotation = Quaternion(0.707107, -2.29302e-07, -4.60551e-08, 0.707107)
bones/30/position = Vector3(0.202182, 0.0259903, 0.205181)
bones/30/rotation = Quaternion(-0.707107, -7.05285e-08, -7.05285e-08, 0.707107)
bones/31/rotation = Quaternion(9.65792e-09, 1.77955e-09, 0.985719, -0.168398)
bones/32/position = Vector3(-2.60494e-08, 0.213436, -5.1715e-09)
bones/32/rotation = Quaternion(-1.01273e-07, 0.391084, 0.920355, -3.35091e-08)
bones/33/position = Vector3(8.58988e-09, 0.16565, -2.40963e-09)
bones/34/rotation = Quaternion(1, -2.33136e-09, 1.99777e-07, -1.34211e-15)
bones/36/rotation = Quaternion(0.707107, -3.82385e-08, 1.45009e-07, 0.707107)
bones/37/rotation = Quaternion(-0.707107, -7.05285e-08, -7.05285e-08, 0.707107)
bones/38/rotation = Quaternion(-5.83589e-09, 6.43837e-10, 0.994809, 0.101756)
bones/39/position = Vector3(-1.11482e-08, 0.213436, -2.50942e-15)
bones/39/rotation = Quaternion(-1.05796e-07, 0.391084, 0.920355, -2.58643e-08)
bones/40/position = Vector3(-6.31128e-09, 0.16565, 2.70695e-09)
bones/41/rotation = Quaternion(1, 3.76526e-09, 1.94879e-07, 7.45058e-09)
bones/43/rotation = Quaternion(-0.707107, -7.27951e-08, -7.27951e-08, 0.707107)
bones/44/position = Vector3(0.520841, 0.767916, -0.0576374)
bones/44/rotation = Quaternion(0.794627, -1.11759e-07, 0.607098, -5.96046e-08)
bones/45/rotation = Quaternion(-0.707107, -7.27951e-08, -7.27951e-08, 0.707107)
bones/46/position = Vector3(-0.510844, 0.767916, 0.0597369)
bones/46/rotation = Quaternion(-0.758253, -1.52737e-07, 0.651961, -1.11759e-08)

[node name="Knife_Offhand" parent="Rig/Skeleton3D" index="0"]
transform = Transform3D(-6.56383e-07, 0.262866, 0.964831, 0.999861, -0.0160153, 0.00436438, 0.0165996, 0.964699, -0.26283, 0.507289, 0.615728, -0.0189886)

[node name="1H_Crossbow" parent="Rig/Skeleton3D" index="1"]
transform = Transform3D(0.986534, -0.163523, 0.00317454, 0.00103681, -0.0131546, -0.999912, 0.163551, 0.986451, -0.0128083, -0.489279, 0.724742, 0.097271)
visible = false

[node name="2H_Crossbow" parent="Rig/Skeleton3D" index="2"]
transform = Transform3D(0.986534, -0.163523, 0.00317454, 0.00103681, -0.0131546, -0.999912, 0.163551, 0.986451, -0.0128083, -0.489279, 0.724742, 0.097271)
visible = false

[node name="Knife" parent="Rig/Skeleton3D" index="3"]
transform = Transform3D(-0.00317454, -0.163523, 0.986534, 0.999912, -0.0131544, 0.00103683, 0.0128081, 0.986451, 0.16355, -0.490641, 0.619986, 0.106149)

[node name="Throwable" parent="Rig/Skeleton3D" index="4"]
transform = Transform3D(-0.00317452, -0.163523, 0.986534, 0.999912, -0.0131544, 0.00103681, 0.0128081, 0.986451, 0.16355, -0.520115, 0.617615, 0.283953)

[node name="Rogue_Cape" parent="Rig/Skeleton3D" index="5"]
transform = Transform3D(0.996275, -5.14962e-09, 0.0862353, 5.13043e-09, 1, 4.44077e-10, -0.0862353, 1.88007e-15, 0.996275, -4.17227e-09, 1.18324, 1.52591e-15)

[node name="AnimationTree" type="AnimationTree" parent="." index="2"]
tree_root = SubResource("AnimationNodeBlendTree_a6w1x")
anim_player = NodePath("../AnimationPlayer")
parameters/AttackOneShot/active = false
parameters/AttackOneShot/internal_active = false
parameters/AttackOneShot/request = 0
